,Volt
0,-0.0067248704710634
1,-0.0067448397365662
2,-0.0067257058017074
3,-0.0066670893985389
4,-0.0065697357220646
5,-0.0064354886746673
6,-0.006267206841329
7,-0.0060686419748169
8,-0.0058442978659112
9,-0.0055992981643677
10,-0.0053392462124131
11,-0.0050700535056824
12,-0.0047977501206577
13,-0.0045282803533644
14,-0.0042672985676407
15,-0.0040199934467068
16,-0.003790923447671
17,-0.003583850486329
18,-0.0034015912118996
19,-0.0032458936562096
20,-0.0031173699269924
21,-0.0030155185459176
22,-0.0029388107070824
23,-0.0028848133145681
24,-0.0028503337451373
25,-0.0028315587188779
26,-0.0028242023947961
27,-0.0028236881683868
28,-0.0028253446054194
29,-0.0028246058643419
30,-0.0028172058265488
31,-0.002799341023163
32,-0.002767822907686
33,-0.0027202381436577
34,-0.002655093144945
35,-0.0025719293600524
36,-0.0024713805366755
37,-0.0023551378846848
38,-0.0022258508631803
39,-0.0020869956729996
40,-0.0019427218797431
41,-0.0017977010725848
42,-0.001656966057318
43,-0.0015257172635568
44,-0.0014091214902243
45,-0.001312119294733
46,-0.0012392459729943
47,-0.0011944850254158
48,-0.0011811315627215
49,-0.0012016420850499
50,-0.0012574976568122
51,-0.0013490996590297
52,-0.0014757220447984
53,-0.0016355517591699
54,-0.0018257896960612
55,-0.0020427770179172
56,-0.0022821430825168
57,-0.0025389577700611
58,-0.0028078940211068
59,-0.0030834202420115
60,-0.0033599928835938
61,-0.0036322260435027
62,-0.0038950409572493
63,-0.0041437858333161
64,-0.0043743485493527
65,-0.004583289447529
66,-0.0047679658154838
67,-0.0049266234952996
68,-0.0050584403580864
69,-0.0051634963823045
70,-0.0052426943767489
71,-0.0052976663636324
72,-0.005330660539543
73,-0.005344415432374
74,-0.0053420235392011
75,-0.0053267719677665
76,-0.0053019915906478
77,-0.0052709436683057
78,-0.0052367320367594
79,-0.0052022376008383
80,-0.0051700562042625
81,-0.0051424121694516
82,-0.0051210732603323
83,-0.0051072946904664
84,-0.0051017947970287
85,-0.0051047759562609
86,-0.0051159750313671
87,-0.0051347141125132
88,-0.0051599656735
89,-0.0051904389139821
90,-0.0052246758496166
91,-0.0052611588313235
92,-0.0052984015645195
93,-0.0053349929510798
94,-0.0053696128793293
95,-0.005401036609724
96,-0.0054281385978731
97,-0.005449918165313
98,-0.0054655294160903
99,-0.0054742898031843
100,-0.0054756785941694
101,-0.0054693271672608
102,-0.0054550045496823
103,-0.0054326150916282
104,-0.0054021883200617
105,-0.0053638418623122
106,-0.0053177359002171
107,-0.0052640294290047
108,-0.0052028561142579
109,-0.0051343452756377
110,-0.0050586668526211
111,-0.0049760745261029
112,-0.004886947439928
113,-0.0047918195308779
114,-0.0046914014772158
115,-0.0045866125231415
116,-0.0044786003605441
117,-0.0043687321583975
118,-0.0042585665116786
119,-0.0041498061557719
120,-0.0040442512848501
121,-0.003943779364166
122,-0.0038503310535078
123,-0.0037658827260732
124,-0.0036924028331022
125,-0.003631778737245
126,-0.0035857304402917
127,-0.0035557382225334
128,-0.0035429721918268
129,-0.0035482196646854
130,-0.0035718193842297
131,-0.0036135986287641
132,-0.0036728387030211
133,-0.0037482955901159
134,-0.0038382555095978
135,-0.0039406086202212
136,-0.0040529279765078
137,-0.0041725293982089
138,-0.0042965285307476
139,-0.0044219184110327
140,-0.0045456536317127
141,-0.0046647377911806
142,-0.0047763090585142
143,-0.0048777049734619
144,-0.0049665278978545
145,-0.0050407308964272
146,-0.005098702435546
147,-0.005139338050099
148,-0.0051620784649179
149,-0.0051668853445139
150,-0.0051541805281534
151,-0.0051247793355379
152,-0.0050798170849275
153,-0.0050206823845129
154,-0.0049489512517997
155,-0.0048663016938873
156,-0.0047744385099633
157,-0.0046750507745385
158,-0.0045697892790225
159,-0.0044602646028339
160,-0.0043480390164771
161,-0.00423457805579
162,-0.0041211927704503
163,-0.0040090014024623
164,-0.0038989151978035
165,-0.0037916689459335
166,-0.0036878723527028
167,-0.003588043621501
168,-0.0034926473593333
169,-0.0034021452405812
170,-0.0033170465132015
171,-0.003237965887
172,-0.0031656469605589
173,-0.0031009083027083
174,-0.003044549454139
175,-0.0029972466160377
176,-0.0029594610624096
177,-0.0029314028796599
178,-0.0029130179274725
179,-0.0029039542142734
180,-0.0029035332621925
181,-0.0029107302274972
182,-0.0029241699328881
183,-0.0029421714238583
184,-0.0029627922092443
185,-0.0029838283281799
186,-0.0030028112219948
187,-0.0030170217809299
188,-0.0030235614859192
189,-0.003019537181094
190,-0.0030022984676563
191,-0.0029696583468786
192,-0.0029200957992308
193,-0.0028529078359885
194,-0.0027683242492436
195,-0.0026676300025118
196,-0.002553228361898
197,-0.0024285965949658
198,-0.0022981646861733
199,-0.0021671181861962
200,-0.0020411925987216
201,-0.0019265425142114
202,-0.0018296195602375
203,-0.0017569994346994
204,-0.0017151496852803
205,-0.0017100950215477
206,-0.0017470437712186
207,-0.0018300724889434
208,-0.0019618296063949
209,-0.0021432494237904
210,-0.0023733084971226
211,-0.0026488097030379
212,-0.0029642905373079
213,-0.0033121528109189
214,-0.003682937401027
215,-0.0040656821288184
216,-0.0044483081682597
217,-0.0048179384551201
218,-0.0051612102510146
219,-0.0054646684737519
220,-0.005715187660806
221,-0.0059004113149516
222,-0.0060091820797558
223,-0.0060318834953345
224,-0.0059607703201968
225,-0.0057903570866002
226,-0.0055177809830655
227,-0.0051430935988553
228,-0.0046694000293031
229,-0.004102733637768
230,-0.0034517618882447
231,-0.0027274386018721
232,-0.001942604683626
233,-0.0011115922074899
234,-0.000249815744292
235,0.0006267191701282
236,0.0015018843819628
237,0.002359789982109
238,0.0031850763136903
239,0.003963130524258
240,0.0046803069557854
241,0.0053242599505912
242,0.0058842885158663
243,0.0063515941222606
244,0.0067194372916158
245,0.0069831302285218
246,0.0071399266595774
247,0.0071889223257503
248,0.0071309043303957
249,0.0069681201520455
250,0.0067040144676087
251,0.0063429257883721
252,0.0058898497768812
253,0.005350390657948
254,0.0047308128559296
255,0.0040381131716188
256,0.0032800778603098
257,0.0024652365284577
258,0.0016027724281263
259,0.0007024890731913
260,-0.0002252319943634
261,-0.0011695095800452
262,-0.0021190686343379
263,-0.00306242032212
264,-0.003988025870061
265,-0.0048843455883666
266,-0.0057398574254703
267,-0.0065431048104613
268,-0.0072828215463406
269,-0.0079482229894298
270,-0.0085293785786383
271,-0.0090175475380836
272,-0.0094055022249151
273,-0.0096878200275979
274,-0.0098611325679322
275,-0.0099243774779441
276,-0.0098789505656266
277,-0.0097286627606592
278,-0.0094795660390806
279,-0.0091396856344831
280,-0.0087187255117815
281,-0.0082278530099219
282,-0.007679492327719
283,-0.0070870401673572
284,-0.0064645296409473
285,-0.0058262277728725
286,-0.0051862064273507
287,-0.0045579761168681
288,-0.0039541234722038
289,-0.0033859063766688
290,-0.0028628669843137
291,-0.002392483447778
292,-0.0019799416128956
293,-0.0016281278281288
294,-0.0013377692073537
295,-0.001107639001436
296,-0.0009348073037494
297,-0.0008148759849285
298,-0.0007422258573275
299,-0.0007103413402224
300,-0.0007121476202406
301,-0.0007403157506887
302,-0.0007875411387134
303,-0.0008467638132858
304,-0.0009113856388032
305,-0.0009755517688583
306,-0.0010344316940973
307,-0.001084445846411
308,-0.0011234022918808
309,-0.0011504821558157
310,-0.0011661233147254
311,-0.0011718782043126
312,-0.0011702329558065
313,-0.0011643996258157
314,-0.0011580875785947
315,-0.0011552274186959
316,-0.0011597083880085
317,-0.0011751886581969
318,-0.0012049548125339
319,-0.0012518220613032
320,-0.0013180432155475
321,-0.0014051754592933
322,-0.0015139481093369
323,-0.0016441815156317
324,-0.0017947600734809
325,-0.0019636799158684
326,-0.0021481487176804
327,-0.0023446909655546
328,-0.0025492789182064
329,-0.0027575010486858
330,-0.002964750499103
331,-0.0031664344643266
332,-0.0033581652156822
333,-0.0035358877234496
334,-0.0036959648929939
335,-0.0038352398015673
336,-0.0039510879860888
337,-0.0040414869494831
338,-0.0041050803557301
339,-0.0041412042830687
340,-0.004149883408106
341,-0.004131796371768
342,-0.0040882180751776
343,-0.0040209618525425
344,-0.0039323055881899
345,-0.0038248871264362
346,-0.0037015845544673
347,-0.0035653885961681
348,-0.0034192890334118
349,-0.0032662025919151
350,-0.0031089276907052
351,-0.0029501089813202
352,-0.0027922072179394
353,-0.0026374613614469
354,-0.0024878540397213
355,-0.0023450994019466
356,-0.0022106441329133
357,-0.0020856767249996
358,-0.0019711434495391
359,-0.0018677605384208
360,-0.0017760345742562
361,-0.0016963037769678
362,-0.001628788081789
363,-0.0015736398569757
364,-0.0015309831513083
365,-0.0015009249001379
366,-0.0014835493936618
367,-0.001478910573598
368,-0.0014870229091396
369,-0.0015078575628737
370,-0.0015413390707388
371,-0.0015873313138643
372,-0.0016456229417425
373,-0.0017159198082647
374,-0.0017978421409779
375,-0.0018909298699248
376,-0.0019946459693512
377,-0.0021083657054549
378,-0.002231362172404
379,-0.0023627969338964
380,-0.002501721406702
381,-0.0026470990289374
382,-0.0027978387998154
383,-0.0029528266703957
384,-0.0031109573062502
385,-0.0032711641836262
386,-0.0034324478576562
387,-0.0035939082573386
388,-0.0037547695361919
389,-0.0039143871106758
390,-0.0040722428742112
391,-0.0042279310573651
392,-0.0043811432803244
393,-0.0045316649051827
394,-0.0046793732754178
395,-0.0048242276937033
396,-0.0049662514331478
397,-0.0051055012801673
398,-0.0052420314779973
399,-0.0053758642838663
400,-0.0055069607521121
401,-0.0056351884423557
402,-0.0057602912255716
403,-0.0058818606101599
404,-0.0059993204501792
405,-0.0061119379399687
406,-0.0062188510147443
407,-0.0063191033285187
408,-0.0064116813555315
409,-0.0064955426668616
410,-0.0065696426676552
411,-0.0066329708056116
412,-0.0066845889418022
413,-0.006723669358122
414,-0.0067495306350449
415,-0.0067616630678225
416,-0.0067597538280964
417,-0.0067437217812682
418,-0.0067137510818716
419,-0.0066703169797994
420,-0.0066141949209139
421,-0.0065464396475313
422,-0.0064683463295209
423,-0.0063814087318282
424,-0.0062872729067587
425,-0.0061876916686544
426,-0.006084478760246
427,-0.0059794542852935
428,-0.0058743960090863
429,-0.0057710086455053
430,-0.0056709037017048
431,-0.0055755882474943
432,-0.0054864518803056
433,-0.0054047363872938
434,-0.0053315021799739
435,-0.005267606098363
436,-0.0052136896359616
437,-0.0051701842422599
438,-0.0051373262351368
439,-0.0051151656687055
440,-0.0051035812389916
441,-0.0051023089306221
442,-0.0051109744198333
443,-0.0051291279054774
444,-0.0051562653411266
445,-0.0051918164561104
446,-0.0052351166467366
447,-0.0052853796532646
448,-0.0053416740727511
449,-0.0054029166963581
450,-0.005467874686705
451,-0.0055351599897784
452,-0.0056032325588674
453,-0.0056704222724595
454,-0.0057349627135272
455,-0.0057950404054441
456,-0.0058488404187795
457,-0.0058945654474745
458,-0.0059304482797407
459,-0.0059547744034286
460,-0.0059659185721671
461,-0.0059624101623125
462,-0.0059430102507554
463,-0.0059067734867663
464,-0.0058531080484607
465,-0.005781837532636
466,-0.0056932544727166
467,-0.0055881696803643
468,-0.0054679304267164
469,-0.0053343787089278
470,-0.0051897744530306
471,-0.0050367044214167
472,-0.0048779882733851
473,-0.0047166077624133
474,-0.0045556421243393
475,-0.0043981828733886
476,-0.00424724956139
477,-0.0041057152352675
478,-0.0039762400118225
479,-0.003861228661819
480,-0.0037627835788211
481,-0.0036826229727741
482,-0.003621996231503
483,-0.0035816187856677
484,-0.0035616426343231
485,-0.0035616940742878
486,-0.0035809481747201
487,-0.0036181977692137
488,-0.0036719323006706
489,-0.0037404235837703
490,-0.0038218113134614
491,-0.0039142040539585
492,-0.0040157514520489
493,-0.004124645517915
494,-0.0042390855749308
495,-0.0043572292806678
496,-0.0044771551800124
497,-0.0045968823360317
498,-0.0047144107047328
499,-0.0048277358705558
500,-0.0049348602371006
501,-0.0050337991341864
502,-0.0051225890151841
503,-0.0051993328200596
504,-0.0052622342175661
505,-0.0053095775009323
506,-0.0053396968271138
507,-0.0053509567520191
508,-0.0053417816807839
509,-0.005310791633341
510,-0.0052569863151371
511,-0.0051799086052425
512,-0.0050797949368498
513,-0.0049576879512812
514,-0.0048155164258006
515,-0.0046561824675099
516,-0.0044835876737431
517,-0.0043025433050148
518,-0.0041186068534108
519,-0.0039378605530604
520,-0.0037666891265942
521,-0.0036116379294539
522,-0.0034792891013255
523,-0.0033760899417361
524,-0.0033081468734699
525,-0.0032809609011336
526,-0.0032991450231925
527,-0.0033662040718275
528,-0.0034843206853265
529,-0.0036541110197582
530,-0.0038744042145357
531,-0.004142057460605
532,-0.0044518865860828
533,-0.0047968092357337
534,-0.0051681168600535
535,-0.0055557895215692
536,-0.0059488359664178
537,-0.0063355930767599
538,-0.0067040173545274
539,-0.007042042695859
540,-0.0073379201812468
541,-0.0075804854851997
542,-0.007759378483298
543,-0.0078651911830742
544,-0.0078896253679392
545,-0.0078257595379803
546,-0.007668328415755
547,-0.0074139319460261
548,-0.0070611475456031
549,-0.006610471303885
550,-0.0060641600160328
551,-0.0054260908453749
552,-0.0047015808763827
553,-0.003897150358992
554,-0.0030202689604778
555,-0.0020790629583552
556,-0.0010820997558649
557,-3.837319361528714e-05
558,0.0010426082153245
559,0.0021507097261208
560,0.0032750863896795
561,0.0044042342941605
562,0.005526100465398
563,0.0066281365171893
564,0.007697366481227
565,0.0087204881328744
566,0.0096840073648146
567,0.0105744715289948
568,0.0113786864374603
569,0.0120838010039704
570,0.0126773625715116
571,0.0131474070386663
572,0.0134826546887697
573,0.0136729313216668
574,0.0137096925925025
575,0.0135864948154809
576,0.0132994333340975
577,0.0128475067771202
578,0.0122329044194938
579,0.0114612886312319
580,0.0105419299289651
581,0.0094875718710607
582,0.008314109650145
583,0.0070401212449444
584,0.0056863610751438
585,0.0042753746314731
586,0.0028311244242533
587,0.0013785052155637
588,-5.722813865901698e-05
589,-0.0014511594594101
590,-0.0027794568018188
591,-0.0040200143616006
592,-0.0051530732602257
593,-0.0061618723818395
594,-0.007033246642254
595,-0.007758158012581
596,-0.0083320184768418
597,-0.0087546432934887
598,-0.0090299540489236
599,-0.0091655529220637
600,-0.0091722207578974
601,-0.009063458034083
602,-0.0088550068060062
603,-0.0085642389933779
604,-0.008209507173894
605,-0.0078095114470242
606,-0.0073826943428639
607,-0.0069467422642457
608,-0.0065180985184055
609,-0.0061113841333011
610,-0.0057388362294825
611,-0.0054098430325131
612,-0.0051306583937506
613,-0.0049044189267674
614,-0.0047313661327061
615,-0.0046091389288771
616,-0.0045331416256527
617,-0.0044969422979717
618,-0.0044927073642785
619,-0.0045117361058068
620,-0.0045449863168781
621,-0.0045834947291875
622,-0.0046187223400622
623,-0.0046428177238765
624,-0.0046488658974427
625,-0.004631218882115
626,-0.0045858209707514
627,-0.0045104393092661
628,-0.0044047754372437
629,-0.0042703993125849
630,-0.0041105611175837
631,-0.0039299786530546
632,-0.0037345711614604
633,-0.0035311343013211
634,-0.0033269789192577
635,-0.0031295167448498
636,-0.0029458743956872
637,-0.0027826217994603
638,-0.0026455789849273
639,-0.0025396765583309
640,-0.0024688345660911
641,-0.0024357982376259
642,-0.0024419835222277
643,-0.0024873994450255
644,-0.0025706434040045
645,-0.0026889857506684
646,-0.0028385177551839
647,-0.0030143058426575
648,-0.0032105805085632
649,-0.003420979939971
650,-0.003638822155506
651,-0.0038574011920644
652,-0.0040702553212235
653,-0.004271347414175
654,-0.0044551865223312
655,-0.0046169191708621
656,-0.0047524072619585
657,-0.0048583279371855
658,-0.0049322642537227
659,-0.0049727419154837
660,-0.0049792246330226
661,-0.0049520684732122
662,-0.0048924462677152
663,-0.0048022743121052
664,-0.0046841163733727
665,-0.0045410426686701
666,-0.0043764683632883
667,-0.0041939832800726
668,-0.0039972063316735
669,-0.0037897064431054
670,-0.0035749640097413
671,-0.0033563433073526
672,-0.0031370694451368
673,-0.0029201885761313
674,-0.0027085282830803
675,-0.0025046888079112
676,-0.0023110452461203
677,-0.0021297491919833
678,-0.0019627313742173
679,-0.0018116911405632
680,-0.0016780971035639
681,-0.0015632258961086
682,-0.0014682142491409
683,-0.0013941059096742
684,-0.0013418763435682
685,-0.0013124075157613
686,-0.0013064356077652
687,-0.0013245033845353
688,-0.0013669122876857
689,-0.0014336813060215
690,-0.00152451150984
691,-0.0016387401553348
692,-0.0017753103896121
693,-0.0019327799153602
694,-0.0021093544113581
695,-0.0023029405418153
696,-0.0025111995817918
697,-0.0027315736687654
698,-0.0029613056756839
699,-0.0031974760831657
700,-0.003437054912017
701,-0.0036769779825235
702,-0.003914234912478
703,-0.004145943335867
704,-0.0043694242398746
705,-0.0045822879673775
706,-0.0047825174118249
707,-0.0049685468501429
708,-0.005139313677855
709,-0.0052942557979062
710,-0.0054332746822308
711,-0.0055566843551119
712,-0.0056651527939944
713,-0.0057596539708711
714,-0.0058414205286415
715,-0.0059118773567218
716,-0.0059725729454749
717,-0.0060251183838458
718,-0.0060711318786869
719,-0.0061121981763878
720,-0.0061498255692927
721,-0.0061853802138864
722,-0.0062200172321794
723,-0.0062546240017658
724,-0.0062897851695613
725,-0.006325787854919
726,-0.0063626513961745
727,-0.0064001580404634
728,-0.0064378917540672
729,-0.0064752837003291
730,-0.0065116608666704
731,-0.0065463058518686
732,-0.0065785066150492
733,-0.0066075751839368
734,-0.0066328490042537
735,-0.0066536835064456
736,-0.0066694472452274
737,-0.0066795395604357
738,-0.0066834153514112
739,-0.0066805972009653
740,-0.0066706811066252
741,-0.0066533333733578
742,-0.006628283317269
743,-0.0065953272045493
744,-0.0065543274916497
745,-0.0065051935834123
746,-0.0064478576498183
747,-0.0063822510942208
748,-0.0063082969007454
749,-0.0062259388612881
750,-0.0061351895143253
751,-0.0060361760638422
752,-0.0059291832742735
753,-0.0058146824298406
754,-0.0056933515096598
755,-0.0055661016354362
756,-0.0054340916304123
757,-0.0052987176074497
758,-0.0051615853127107
759,-0.0050244640693591
760,-0.004889240186742
761,-0.0047578923136037
762,-0.0046324710764231
763,-0.0045150669277662
764,-0.0044077631530369
765,-0.0043125616622585
766,-0.0042312972244857
767,-0.0041655646390978
768,-0.004116648826659
769,-0.004085455461392
770,-0.0040724495418837
771,-0.0040775974998489
772,-0.0041003364158406
773,-0.0041395943278696
774,-0.0041938432736671
775,-0.0042611705336705
776,-0.0043393551108541
777,-0.0044259261994775
778,-0.0045182194222922
779,-0.0046134524506799
780,-0.0047088078175815
781,-0.0048015209624555
782,-0.0048889673281021
783,-0.0049687294482119
784,-0.0050386638890247
785,-0.005096985677504
786,-0.0051423499559718
787,-0.005173920479299
788,-0.0051914045107588
789,-0.0051950261453635
790,-0.0051854630726446
791,-0.0051637758168342
792,-0.0051313295524259
793,-0.005089722644981
794,-0.0050407157867566
795,-0.0049861417863475
796,-0.0049278244358748
797,-0.0048675276609274
798,-0.0048069232377707
799,-0.0047475786691551
800,-0.0046909401322016
801,-0.0046382781509917
802,-0.0045906261828184
803,-0.0045487401168862
804,-0.0045130828301665
805,-0.0044838534722928
806,-0.0044610396960933
807,-0.0044444561390858
808,-0.004433790843819
809,-0.0044286686563391
810,-0.0044287168943924
811,-0.0044336383582184
812,-0.0044432528609832
813,-0.0044574656172183
814,-0.0044761982194575
815,-0.0044993122165298
816,-0.0045265422019481
817,-0.0045574753114818
818,-0.0045915500245817
819,-0.0046280335515837
820,-0.0046660060391845
821,-0.0047043606705444
822,-0.004741818622694
823,-0.004776982480291
824,-0.0048083829546996
825,-0.0048344738296715
826,-0.004853617481035
827,-0.0048640876958485
828,-0.0048641170157132
829,-0.0048520358685918
830,-0.0048264528216267
831,-0.0047864115459208
832,-0.0047315373579195
833,-0.0046621588212457
834,-0.0045794021562803
835,-0.0044852886221197
836,-0.0043827707764191
837,-0.0042756523289228
838,-0.0041684347383552
839,-0.004066112524408
840,-0.0039739659978186
841,-0.0038974242488083
842,-0.0038419436236463
843,-0.0038128400874479
844,-0.0038150945470271
845,-0.0038531165708049
846,-0.003930498268065
847,-0.0040498275809671
848,-0.0042125063365046
849,-0.0044185335842331
850,-0.0046663078424046
851,-0.0049524653177346
852,-0.0052718241322761
853,-0.0056175228165637
854,-0.0059812754722085
855,-0.0063536606974619
856,-0.0067244335322398
857,-0.0070828051780534
858,-0.0074177160368597
859,-0.007718167802156
860,-0.0079735328997616
861,-0.0081737851809356
862,-0.0083096802274816
863,-0.0083728702395561
864,-0.0083560287540154
865,-0.0082530799543115
866,-0.0080594422031249
867,-0.0077722050671901
868,-0.0073902214143903
869,-0.0069140504167652
870,-0.0063458158033163
871,-0.0056890874832365
872,-0.0049487276006751
873,-0.0041306792784782
874,-0.0032417393868983
875,-0.0022892994455066
876,-0.0012811638245392
877,-0.0002255632541853
878,0.0008687324075183
879,0.001992283523464
880,0.0031348777278757
881,0.0042855550278594
882,0.0054326910310671
883,0.0065640297084006
884,0.0076667379727618
885,0.0087275062497936
886,0.0097326907999016
887,0.0106685565525884
888,0.0115215079615817
889,0.0122781928207264
890,0.0129255796376002
891,0.0134510734709153
892,0.0138427355107003
893,0.0140897193752522
894,0.0141828055194075
895,0.0141148801587882
896,0.0138813810459489
897,0.01348067221476
898,0.0129143424290382
899,0.0121874947691196
900,0.0113088870677256
901,0.0102908014971235
902,0.0091487263858314
903,0.0079008906791232
904,0.0065677586408748
905,0.0051716400098863
906,0.0037363087051475
907,0.0022865105152351
908,0.000847383652648
909,-0.0005562448070737
910,-0.0019006074376748
911,-0.0031636417913043
912,-0.0043256131088991
913,-0.0053697641904638
914,-0.0062829114919756
915,-0.0070559730430556
916,-0.0076842886145379
917,-0.0081675730118114
918,-0.0085096199598596
919,-0.0087178755228683
920,-0.0088029351388327
921,-0.0087780832630769
922,-0.0086588130714226
923,-0.0084622127875001
924,-0.0082063118678801
925,-0.007909437732649
926,-0.0075895985851676
927,-0.0072639735289642
928,-0.0069484166449647
929,-0.0066568747390586
930,-0.0064008263803628
931,-0.006188817907975
932,-0.0060261824974283
933,-0.0059150665896032
934,-0.0058546652798896
935,-0.0058415335887795
936,-0.0058699737433394
937,-0.0059324483097884
938,-0.0060200292285437
939,-0.0061229493623239
940,-0.0062311496194739
941,-0.0063347293504958
942,-0.0064243247668479
943,-0.0064914014064953
944,-0.0065285297959493
945,-0.0065297393692594
946,-0.0064908625317532
947,-0.006409781731816
948,-0.0062865481732003
949,-0.0061233074044368
950,-0.0059240918263478
951,-0.0056945809736171
952,-0.0054418054630658
953,-0.0051737969559145
954,-0.0048992017362713
955,-0.0046268350165181
956,-0.0043652596634417
957,-0.0041224746637615
958,-0.0039056808385832
959,-0.0037211062690021
960,-0.0035738514049279
961,-0.003467688954112
962,-0.0034048764214835
963,-0.0033860499834998
964,-0.0034102030007935
965,-0.0034747739914088
966,-0.0035758114528133
967,-0.0037081512638787
968,-0.0038656327983014
969,-0.00404136785107
970,-0.0042280391692634
971,-0.004418230151692
972,-0.0046047276439084
973,-0.0047807342012394
974,-0.0049400189084572
975,-0.0050770316431155
976,-0.0051870035024653
977,-0.0052660752586134
978,-0.0053114159955467
979,-0.0053212820501636
980,-0.0052950245431407
981,-0.005233038986745
982,-0.0051366741082012
983,-0.0050081405517239
984,-0.0048503933314978
985,-0.0046669677066983
986,-0.0044617931076255
987,-0.0042389931296735
988,-0.004002712643672
989,-0.0037570205130373
990,-0.0035058587628345
991,-0.0032530077824764
992,-0.0030020561492187
993,-0.0027563465923222
994,-0.0025189213275989
995,-0.0022925041277259
996,-0.0020794996777362
997,-0.0018820020608897
998,-0.0017018099540732
999,-0.0015404270878119
1000,-0.001399076222666
1001,-0.001278755594175
1002,-0.0011803101698336
1003,-0.0011044997819106
1004,-0.0010520399326478
1005,-0.0010235797684143
1006,-0.0010196455832412
1007,-0.001040586365055
1008,-0.0010865196273372
1009,-0.0011572908222468
1010,-0.0012524405528857
1011,-0.0013711567215985
1012,-0.0015122410448806
1013,-0.001674113964318
1014,-0.0018548448182685
1015,-0.0020522067984265
1016,-0.0022637316880315
1017,-0.0024867307701751
1018,-0.0027183080586541
1019,-0.0029553919297605
1020,-0.0031947885471235
1021,-0.0034332736972096
1022,-0.0036677035563189
1023,-0.0038951108079226
1024,-0.0041128003472271
1025,-0.0043184500364866
1026,-0.0045102048932531
1027,-0.0046867685529428
1028,-0.0048474625243662
1029,-0.0049922211585457
1030,-0.005121544633859
1031,-0.0052364293987152
1032,-0.0053382894310555
1033,-0.0054288947818582
1034,-0.0055103112197435
1035,-0.0055848158233415
1036,-0.0056548033308052
1037,-0.0057226881485918
1038,-0.0057908064557508
1039,-0.0058613372515107
1040,-0.0059362233546133
1041,-0.0060170730922594
1042,-0.0061050637227323
1043,-0.0062008596383219
1044,-0.0063045629016111
1045,-0.0064157221012559
1046,-0.0065333796062611
1047,-0.0066561307290014
1048,-0.0067821963093436
1049,-0.0069094991729082
1050,-0.0070357455273682
1051,-0.007158524932736
1052,-0.0072754068521999
1053,-0.007384014121542
1054,-0.007482082254193
1055,-0.0075675053505452
1056,-0.007638381164318
1057,-0.0076930755367523
1058,-0.0077302882915378
1059,-0.0077491006444051
1060,-0.0077490044574705
1061,-0.007729905018478
1062,-0.0076921038154558
1063,-0.0076362788853645
1064,-0.0075634512609559
1065,-0.0074749289556882
1066,-0.0073722405509053
1067,-0.0072570620778201
1068,-0.0071311507324387
1069,-0.0069963051161058
1070,-0.0068543398788011
1071,-0.0067070602977956
1072,-0.006556240420621
1073,-0.0064035992857441
1074,-0.0062507770369255
1075,-0.0060993224777816
1076,-0.0059506780928965
1077,-0.0058061500044437
1078,-0.005666875537112
1079,-0.0055337938810466
1080,-0.0054076276454911
1081,-0.0052888915331839
1082,-0.0051779141789541
1083,-0.0050748554924008
1084,-0.0049797298333427
1085,-0.0048924348292957
1086,-0.0048127831028435
1087,-0.0047405462684524
1088,-0.0046754886598988
1089,-0.0046173689201259
1090,-0.0045659313366733
1091,-0.0045209002956532
1092,-0.0044819874834993
1093,-0.0044489340592275
1094,-0.004421562663501
1095,-0.0043998069771578
1096,-0.0043837353088505
1097,-0.0043735684503119
1098,-0.0043696867427048
1099,-0.0043726407394003
1100,-0.0043831258460306
1101,-0.0044018852244456
1102,-0.004429578509958
1103,-0.0044666417013257
1104,-0.0045131675343878
1105,-0.0045688540222507
1106,-0.0046329841589814
1107,-0.0047043917649478
1108,-0.0047814380901413
1109,-0.0048619972119766
1110,-0.0049434628478504
1111,-0.0050228165465363
1112,-0.0050967003405767
1113,-0.0051614467572827
1114,-0.005213111201176
1115,-0.0052475247911957
1116,-0.0052604179313162
1117,-0.005247682045277
1118,-0.0052056925264937
1119,-0.0051316096844936
1120,-0.0050236505763731
1121,-0.0048812858003108
1122,-0.0047053818158408
1123,-0.0044983467293559
1124,-0.0042641972733043
1125,-0.0040084916118931
1126,-0.0037381621053915
1127,-0.0034612439689174
1128,-0.0031865889617195
1129,-0.0029236698857178
1130,-0.0026823920175047
1131,-0.0024728393569396
1132,-0.002304938818417
1133,-0.0021879819305566
1134,-0.0021300926164481
1135,-0.0021377697454296
1136,-0.0022154606541074
1137,-0.0023651638346985
1138,-0.0025860958366272
1139,-0.0028743964818256
1140,-0.0032230002475473
1141,-0.0036217974806252
1142,-0.0040579907788096
1143,-0.0045165745063715
1144,-0.0049808571245208
1145,-0.005432894661369
1146,-0.0058539211330139
1147,-0.0062248880260129
1148,-0.0065270559790998
1149,-0.0067426359157147
1150,-0.0068554306036942
1151,-0.0068513603782578
1152,-0.0067189663799546
1153,-0.0064499686708573
1154,-0.0060397785243625
1155,-0.0054879186840031
1156,-0.0047982334384473
1157,-0.0039787386334533
1158,-0.0030412348429516
1159,-0.0020008249034222
1160,-0.0008753579585127
1161,0.0003151105171449
1162,0.0015488787499735
1163,0.0028032780766227
1164,0.0040553475168963
1165,0.0052824133854058
1166,0.006462598744896
1167,0.0075752255931399
1168,0.0086012111650775
1169,0.0095235859629604
1170,0.0103280081381602
1171,0.0110031631280041
1172,0.0115410018431335
1173,0.0119367165047186
1174,0.0121885445185234
1175,0.0122975470924437
1176,0.0122673128461379
1177,0.0121035838554557
1178,0.0118138391925699
1179,0.011406802372103
1180,0.0108920044255474
1181,0.0102795396512217
1182,0.0095799325288358
1183,0.00880405718293
1184,0.0079630513188447
1185,0.0070681133053297
1186,0.0061302684612768
1187,0.0051602227140604
1188,0.0041682640142695
1189,0.0031642169356004
1190,0.0021574319675494
1191,0.0011567284604428
1192,0.0001703755312469
1193,-0.0007938096441436
1194,-0.0017283227718963
1195,-0.0026258317505919
1196,-0.0034791092526155
1197,-0.0042811480460441
1198,-0.0050253752535006
1199,-0.0057058609393815
1200,-0.0063175240058688
1201,-0.0068562918889385
1202,-0.0073192293828272
1203,-0.0077047030491572
1204,-0.0080124983694009
1205,-0.0082438214650952
1206,-0.0084012245906764
1207,-0.0084884589508852
1208,-0.0085103212153279
1209,-0.0084725871500532
1210,-0.0083819645447789
1211,-0.0082459945934632
1212,-0.0080728988547825
1213,-0.0078713328727848
1214,-0.0076500915005746
1215,-0.0074178502360546
1216,-0.0071829032925675
1217,-0.0069528780376469
1218,-0.0067344597921961
1219,-0.006533123432905
1220,-0.0063529421722373
1221,-0.006196554240278
1222,-0.0060652341056484
1223,-0.0059590173981313
1224,-0.0058768526826592
1225,-0.0058167215966535
1226,-0.0057757603185148
1227,-0.0057504392191238
1228,-0.0057367643498078
1229,-0.0057304840997368
1230,-0.0057272937176441
1231,-0.0057229995738691
1232,-0.0057136833510142
1233,-0.0056959094682692
1234,-0.0056669327150469
1235,-0.0056248772914599
1236,-0.0055688506507825
1237,-0.0054989390678266
1238,-0.0054161237576953
1239,-0.0053221700908353
1240,-0.0052194910351135
1241,-0.0051110059255081
1242,-0.0049999882164763
1243,-0.0048898735070488
1244,-0.0047840667877528
1245,-0.0046857822617465
1246,-0.0045979085125215
1247,-0.0045229072499568
1248,-0.0044627195587744
1249,-0.0044186444834597
1250,-0.0043912219544095
1251,-0.0043801507292266
1252,-0.0043842558957452
1253,-0.0044015321460315
1254,-0.0044292395282324
1255,-0.0044640143777525
1256,-0.0045020008445332
1257,-0.0045389983288291
1258,-0.0045706217492426
1259,-0.0045924860466685
1260,-0.0046003853503293
1261,-0.0045904380149089
1262,-0.0045592055939547
1263,-0.004503786715704
1264,-0.0044219014854188
1265,-0.0043119895865035
1266,-0.0041732995203104
1267,-0.004005944798372
1268,-0.0038109210137614
1269,-0.0035900700339615
1270,-0.0033460061044256
1271,-0.0030820296543973
1272,-0.0028020223067253
1273,-0.0025103226431066
1274,-0.0022115889945809
1275,-0.0019106454766426
1276,-0.0016123336348163
1277,-0.001321393002778
1278,-0.001042362055191
1279,-0.0007794943434352
1280,-0.0005366809454823
1281,-0.0003173634263547
1282,-0.0001244527528968
1283,3.9726801720475366e-05
1284,0.0001734690605917
1285,0.0002756874337325
1286,0.0003458928374963
1287,0.0003841635798776
1288,0.0003910996662943
1289,0.0003677559661229
1290,0.0003155629689988
1291,0.0002362379234483
1292,0.0001316993871184
1293,4.001719310511037e-06
1294,-0.000144717228578
1295,-0.0003122832364516
1296,-0.0004965282780417
1297,-0.0006953344953508
1298,-0.0009066749362203
1299,-0.0011286411500322
1300,-0.0013594619384898
1301,-0.0015975166918479
1302,-0.0018413409608328
1303,-0.0020896264473048
1304,-0.0023412129115288
1305,-0.0025950666163694
1306,-0.0028502502676736
1307,-0.0031058902657521
1308,-0.0033611409061333
1309,-0.0036151483590005
1310,-0.0038670174161096
1311,-0.0041157801545599
1312,-0.0043603716513728
1313,-0.004599618632076
1314,-0.0048322363302056
1315,-0.0050568302339213
1316,-0.0052719048679235
1317,-0.0054758769891968
1318,-0.0056670956610503
1319,-0.0058438747901892
1320,-0.0060045287642961
1321,-0.0061474046272968
1322,-0.0062709172435853
1323,-0.0063735887596126
1324,-0.0064540999246645
1325,-0.0065113633539108
1326,-0.0065446039782991
1327,-0.0065534314546196
1328,-0.0065379031059425
1329,-0.0064985687294113
1330,-0.0064364997777496
1331,-0.006353312377242
1332,-0.0062511678633697
1333,-0.0061327397733449
1334,-0.0060011552704718
1335,-0.0058599122562742
1336,-0.0057127895142151
1337,-0.0055637709932549
1338,-0.0054169690158866
1339,-0.0052765326461239
1340,-0.0051465404175891
1341,-0.0050308682920374
1342,-0.0049330493590001
1343,-0.0048561501379553
1344,-0.0048026554320386
1345,-0.0047743605674607
1346,-0.0047722801069914
1347,-0.0047965710663707
1348,-0.0048464940359584
1349,-0.004920435801077
1350,-0.0050159767217974
1351,-0.0051299881437799
1352,-0.0052587464100066
1353,-0.0053980408901713
1354,-0.0055432874983473
1355,-0.0056896650123091
1356,-0.0058322638904733
1357,-0.0059662442499976
1358,-0.0060869946108822
1359,-0.0061902728467096
1360,-0.0062723391394808
1361,-0.0063300901860428
1362,-0.0063611808535195
1363,-0.0063641254437478
1364,-0.0063383624030224
1365,-0.006284262995559
1366,-0.0062030948958466
1367,-0.0060969557712154
1368,-0.0059686833944927
1369,-0.0058217540109769
1370,-0.0056601669428479
1371,-0.0054883080094444
1372,-0.005310798290803
1373,-0.0051323346786923
1374,-0.0049575299649142
1375,-0.0047907629049117
1376,-0.004636040463804
1377,-0.0044968736861998
1378,-0.004376167916259
1379,-0.0042761281691375
1380,-0.0041981895009716
1381,-0.0041429781089052
1382,-0.0041103062885226
1383,-0.0040992048667069
1384,-0.0041079770256704
1385,-0.004134261796827
1386,-0.0041751148877685
1387,-0.0042271079812108
1388,-0.0042864621133356
1389,-0.004349230490535
1390,-0.0044115007390093
1391,-0.0044695895572335
1392,-0.0045202166440734
1393,-0.0045606329449797
1394,-0.0045887197733335
1395,-0.0046030832073207
1396,-0.0046031146253976
1397,-0.0045890059020348
1398,-0.0045617192916956
1399,-0.0045228949462861
1400,-0.0044747435531922
1401,-0.0044199678021658
1402,-0.0043616746703016
1403,-0.004303257212279
1404,-0.0042482156208332
1405,-0.0041998720811236
1406,-0.0041610436860216
1407,-0.0041337463609561
1408,-0.0041189290747584
1409,-0.0041162682076194
1410,-0.0041240140420566
1411,-0.0041388493553932
1412,-0.0041558356801165
1413,-0.0041685022243585
1414,-0.0041690407256948
1415,-0.0041485982273003
1416,-0.0040975909947439
1417,-0.0040059457216714
1418,-0.0038633395668942
1419,-0.0036595043136479
1420,-0.0033846001676042
1421,-0.0030297027443658
1422,-0.0025873270890086
1423,-0.0020518757676629
1424,-0.0014200529166822
1425,-0.0006912515719081
1426,0.0001321230363775
1427,0.0010443788631981
1428,0.0020364253979921
1429,0.0030959371775581
1430,0.0042077059312399
1431,0.005354111255915
1432,0.0065156396535311
1433,0.0076713357507567
1434,0.0087992586264539
1435,0.0098770413321049
1436,0.0108824990163816
1437,0.0117942775791083
1438,0.0125924989574774
1439,0.0132593003351923
1440,0.0137793484969355
1441,0.0141403975622781
1442,0.0143338004236457
1443,0.0143549309285798
1444,0.0142034109610536
1445,0.0138830099506883
1446,0.0134013241906296
1447,0.012769359659527
1448,0.0120010417702445
1449,0.011112733091099
1450,0.0101227256479776
1451,0.0090506207887587
1452,0.0079167023093052
1453,0.0067413786059899
1454,0.0055446806622051
1455,0.0043458560109863
1456,0.0031629722027496
1457,0.0020124239818793
1458,0.000908450447115
1459,-0.0001372466879186
1460,-0.001115732994531
1461,-0.0020208261021866
1462,-0.0028489171418917
1463,-0.0035987548932036
1464,-0.0042711629581178
1465,-0.004868701852002
1466,-0.0053952940347029
1467,-0.0058557736371127
1468,-0.0062554709567678
1469,-0.0065999403253786
1470,-0.006894777264414
1471,-0.0071454954894862
1472,-0.0073574074494227
1473,-0.0075354141940518
1474,-0.0076837829479746
1475,-0.0078060080871185
1476,-0.0079047445698224
1477,-0.0079818391286945
1478,-0.0080384258521005
1479,-0.0080750044507606
1480,-0.0080915564754478
1481,-0.008087741648544
1482,-0.008063126367363
1483,-0.0080174321747898
1484,-0.0079507296973388
1485,-0.0078634853794071
1486,-0.0077565212423518
1487,-0.0076309522937673
1488,-0.0074881183437065
1489,-0.0073295622791138
1490,-0.0071570204420795
1491,-0.0069723593865579
1492,-0.0067775042103825
1493,-0.0065743846531177
1494,-0.0063648930827237
1495,-0.0061508823050214
1496,-0.0059341511817345
1497,-0.0057163582555085
1498,-0.0054989139708122
1499,-0.0052828903712854
1500,-0.0050689795787828
1501,-0.0048575553358416
1502,-0.0046487917955125
1503,-0.0044427743705472
1504,-0.004239613389714
1505,-0.0040395483010465
1506,-0.0038430428629487
1507,-0.0036509013761032
1508,-0.0034643537601673
1509,-0.0032850619210422
1510,-0.0031150742267788
1511,-0.0029567384021724
1512,-0.0028126108449128
1513,-0.0026854172073686
1514,-0.0025780239829089
1515,-0.0024933766966908
1516,-0.0024344057436475
1517,-0.0024038804886151
1518,-0.0024042402369139
1519,-0.0024374540254407
1520,-0.0025048844218502
1521,-0.0026071421669495
1522,-0.0027439522376575
1523,-0.0029140289109154
1524,-0.003115006822364
1525,-0.0033434795033551
1526,-0.0035951092305091
1527,-0.0038647751422648
1528,-0.0041467370865624
1529,-0.0044347726091147
1530,-0.0047223134805089
1531,-0.0050026218746021
1532,-0.0052689827292418
1533,-0.0055149047114187
1534,-0.0057343185329519
1535,-0.0059217387392931
1536,-0.0060724197575565
1537,-0.0061825353505438
1538,-0.0062493481262031
1539,-0.0062713504024408
1540,-0.006248342006799
1541,-0.0061813992855823
1542,-0.006072771618783
1543,-0.0059257497139652
1544,-0.0057445104145735
1545,-0.0055339620735049
1546,-0.0052995813488733
1547,-0.005047212900606
1548,-0.004782868617447
1549,-0.0045125545525136
1550,-0.0042421185457553
1551,-0.003977128636592
1552,-0.0037227542109479
1553,-0.0034836138359458
1554,-0.0032636249128681
1555,-0.0030658869809408
1556,-0.002892612540978
1557,-0.0027451337565552
1558,-0.0026239600239788
1559,-0.0025288456787117
1560,-0.0024588797709282
1561,-0.0024125973058593
1562,-0.0023881035510786
1563,-0.0023832213236295
1564,-0.0023956259732548
1565,-0.0024229316034831
1566,-0.0024627477091033
1567,-0.0025127189288569
1568,-0.0025705635760124
1569,-0.0026341399154142
1570,-0.0027015167746203
1571,-0.0027710175778599
1572,-0.0028412448216303
1573,-0.002911080871395
1574,-0.0029796718197963
1575,-0.0030464170933131
1576,-0.0031109459609836
1577,-0.0031730640365062
1578,-0.003232687505072
1579,-0.0032897729892872
1580,-0.0033442629456975
1581,-0.0033960743642396
1582,-0.0034451125038084
1583,-0.0034912872364116
1584,-0.0035345319302785
1585,-0.0035748138704435
1586,-0.0036121415229306
1587,-0.0036465855225507
1588,-0.0036782966998969
1589,-0.003707507642709
1590,-0.0037345254925104
1591,-0.0037597149711791
1592,-0.0037834847392424
1593,-0.0038062962004194
1594,-0.0038286800707233
1595,-0.0038512453810296
1596,-0.0038746800534883
1597,-0.0038997341830409
1598,-0.0039271929745245
1599,-0.0039578550316974
1600,-0.0039925065272491
1601,-0.0040318851150054
1602,-0.0040766416222118
1603,-0.0041272998910337
1604,-0.0041842266611952
1605,-0.0042476273835611
1606,-0.004317556730861
1607,-0.0043939319504699
1608,-0.0044765484915478
1609,-0.0045650899556636
1610,-0.0046591358656119
1611,-0.004758177653206
1612,-0.0048616320572083
1613,-0.0049688439896663
1614,-0.0050790851081872
1615,-0.0051915481411333
1616,-0.005305345857943
1617,-0.0054195278840234
1618,-0.0055331044120407
1619,-0.0056450655253645
1620,-0.0057543978475676
1621,-0.0058600933554233
1622,-0.0059611545014036
1623,-0.0060566067948967
1624,-0.0061455078894138
1625,-0.0062269450750985
1626,-0.0063000304409266
1627,-0.0063638961411093
1628,-0.0064177002129156
1629,-0.0064606578146704
1630,-0.0064920835244687
1631,-0.0065114291917364
1632,-0.0065183185979576
1633,-0.0065125714909919
1634,-0.0064942198383676
1635,-0.0064635276858078
1636,-0.0064209976988508
1637,-0.0063673517671734
1638,-0.0063034966788455
1639,-0.0062304777961147
1640,-0.0061494359767376
1641,-0.0060615890273626
1642,-0.0059682195315854
1643,-0.0058706509411134
1644,-0.0057702157932247
1645,-0.005668208457092
1646,-0.0055658333275736
1647,-0.005464170561976
1648,-0.0053641398950182
1649,-0.0052664500417374
1650,-0.0051715502565142
1651,-0.0050795871348507
1652,-0.0049903915987048
1653,-0.0049035265228597
1654,-0.004818365000424
1655,-0.0047341700100878
1656,-0.004650171516969
1657,-0.0045656196417306
1658,-0.0044798277176927
1659,-0.0043922333852339
1660,-0.0043024447879581
1661,-0.0042102523345811
1662,-0.0041156192552913
1663,-0.0040186447450355
1664,-0.0039195383395739
1665,-0.0038186500250421
1666,-0.0037165137292219
1667,-0.0036138695969353
1668,-0.0035116549423786
1669,-0.0034109311428555
1670,-0.0033127849273254
1671,-0.0032182606083586
1672,-0.0031282919272192
1673,-0.0030436254859494
1674,-0.0029647519182724
1675,-0.0028918292593563
1676,-0.0028246634477183
1677,-0.0027628095230025
1678,-0.0027057337693019
1679,-0.0026529916780212
1680,-0.0026043820398298
1681,-0.0025600067994068
1682,-0.0025202902059564
1683,-0.0024860276549601
1684,-0.0024584229434556
1685,-0.0024391102021699
1686,-0.0024301475271749
1687,-0.0024339274189755
1688,-0.002453087052166
1689,-0.0024904914967665
1690,-0.0025492210996884
1691,-0.0026325300791724
1692,-0.002743708536053
1693,-0.0028857523441765
1694,-0.0030609466575621
1695,-0.0032704824509851
1696,-0.0035141093502294
1697,-0.0037898815827413
1698,-0.0040939752096908
1699,-0.0044205003274957
1700,-0.0047614237347143
1701,-0.005106684992044
1702,-0.0054444530957887
1703,-0.0057615206864714
1704,-0.0060437189283585
1705,-0.0062762090384906
1706,-0.0064437616863066
1707,-0.0065311252757505
1708,-0.0065234969190932
1709,-0.0064071686809202
1710,-0.0061702388035717
1711,-0.0058032208483403
1712,-0.0052996134800876
1713,-0.0046564426604667
1714,-0.0038747225907508
1715,-0.0029598601910262
1716,-0.001921839354114
1717,-0.000775021459712
1718,0.0004623136325901
1719,0.0017685853922993
1720,0.0031195934776902
1721,0.0044890981227322
1722,0.0058494026563252
1723,0.0071720793396452
1724,0.0084287591066473
1725,0.0095919712239074
1726,0.0106359785590236
1727,0.0115374698994283
1728,0.0122762257497671
1729,0.0128358593115199
1730,0.0132045048108603
1731,0.0133753884632553
1732,0.0133471412992965
1733,0.0131236718302395
1734,0.012713746083129
1735,0.012130449108066
1736,0.0113905505948944
1737,0.0105138771587096
1738,0.0095226526062673
1739,0.0084406901614487
1740,0.0072925865721431
1741,0.0061030305656242
1742,0.0048961956410831
1743,0.003695258404354
1744,0.0025219250942302
1745,0.001395816497447
1746,0.0003338568656376
1747,-0.0006502018607914
1748,-0.0015460654731229
1749,-0.0023468761009571
1750,-0.0030489877779667
1751,-0.0036517082291532
1752,-0.0041569534188352
1753,-0.004568814103241
1754,-0.0048930717173142
1755,-0.0051366239165232
1756,-0.0053069687329717
1757,-0.0054119015922737
1758,-0.0054593398356619
1759,-0.0054572157080159
1760,-0.0054133706327489
1761,-0.0053353265148966
1762,-0.0052300321706196
1763,-0.005103715839086
1764,-0.0049618093595717
1765,-0.0048089579079037
1766,-0.004649086777251
1767,-0.0044854290849471
1768,-0.0043205992651869
1769,-0.0041567885695114
1770,-0.0039960058473082
1771,-0.0038403293727446
1772,-0.0036920816757462
1773,-0.0035538064714615
1774,-0.0034281329088592
1775,-0.0033176293401856
1776,-0.0032246525282529
1777,-0.0031512465372659
1778,-0.0030990635751505
1779,-0.0030692293024869
1780,-0.003062229177669
1781,-0.0030778738675745
1782,-0.0031153158075472
1783,-0.0031731293724038
1784,-0.0032493860650125
1785,-0.003341634535786
1786,-0.0034468549067426
1787,-0.0035614531121881
1788,-0.0036813138363133
1789,-0.0038019652502168
1790,-0.0039188042690619
1791,-0.0040272960407127
1792,-0.0041231779786674
1793,-0.004202675174401
1794,-0.0042627066007699
1795,-0.0043011002263119
1796,-0.004316746940488
1797,-0.0043096187623357
1798,-0.0042806979004256
1799,-0.0042318532161563
1800,-0.0041656997030301
1801,-0.0040855048496084
1802,-0.003995101044857
1803,-0.0038987461042424
1804,-0.0038009545719994
1805,-0.0037063000815645
1806,-0.0036192072146617
1807,-0.0035437822184085
1808,-0.0034836454723659
1809,-0.0034417322617021
1810,-0.003420098517151
1811,-0.0034197480621746
1812,-0.0034405267491377
1813,-0.0034811415111091
1814,-0.0035392630114014
1815,-0.0036116634449488
1816,-0.0036943781963211
1817,-0.0037828580082339
1818,-0.0038721279928243
1819,-0.0039569904289448
1820,-0.0040322362525726
1821,-0.0040928409256364
1822,-0.0041341440299578
1823,-0.0041519917241836
1824,-0.0041428722827855
1825,-0.0041040800261967
1826,-0.0040338726104549
1827,-0.0039315940259485
1828,-0.0037977385100739
1829,-0.0036339181992197
1830,-0.0034427649849982
1831,-0.0032278094311773
1832,-0.0029933357945968
1833,-0.002744226916617
1834,-0.002485796521182
1835,-0.0022235890051738
1836,-0.0019631806997164
1837,-0.0017100124223507
1838,-0.0014692461553045
1839,-0.0012456504714395
1840,-0.0010434928076057
1841,-0.0008664089711304
1842,-0.0007172785473044
1843,-0.0005981341393141
1844,-0.0005101156516997
1845,-0.0004534912248073
1846,-0.0004277242125553
1847,-0.0004315528177389
1848,-0.0004630896493488
1849,-0.0005199391601818
1850,-0.0005993279152144
1851,-0.0006982562237445
1852,-0.0008136425005705
1853,-0.0009424319572144
1854,-0.0010816808393145
1855,-0.0012286215544878
1856,-0.0013807232266033
1857,-0.0015357706722356
1858,-0.001691940762544
1859,-0.0018478518573421
1860,-0.0020025851791627
1861,-0.002155668735054
1862,-0.0023070353553365
1863,-0.0024569779624789
1864,-0.002606091405975
1865,-0.0027551948722425
1866,-0.0029052442470699
1867,-0.0030572342973059
1868,-0.0032121118053664
1869,-0.0033707233904209
1870,-0.0035337854692028
1871,-0.003701864915242
1872,-0.0038753629898916
1873,-0.0040544871378846
1874,-0.0042392232811641
1875,-0.0044293269563528
1876,-0.0046243272586526
1877,-0.0048235431180093
1878,-0.0050261084148515
1879,-0.0052309933961679
1880,-0.0054370335760963
1881,-0.0056429767004171
1882,-0.0058475369319368
1883,-0.0060494505334709
1884,-0.0062475206021255
1885,-0.006440634200445
1886,-0.0066277628550026
1887,-0.0068079598315579
1888,-0.0069803553476169
1889,-0.0071441570541456
1890,-0.0072986511154387
1891,-0.0074431928717144
1892,-0.0075771964831539
1893,-0.0077001304300722
1894,-0.0078115163723629
1895,-0.0079109344512125
1896,-0.0079980260213052
1897,-0.008072482529387
1898,-0.0081340298464732
1899,-0.0081824163156342
1900,-0.0082174086862703
1901,-0.0082388043477282
1902,-0.0082464526789393
1903,-0.0082402740993863
1904,-0.0082202796130119
1905,-0.0081865902814033
1906,-0.0081394552257837
1907,-0.0080792718438542
1908,-0.0080065996000804
1909,-0.0079221585736416
1910,-0.0078268176913799
1911,-0.0077215758040582
1912,-0.0076075405268087
1913,-0.0074859129940376
1914,-0.0073579734349388
1915,-0.007225060727368
1916,-0.0070885473050974
1917,-0.0069498083213782
1918,-0.0068101877829755
1919,-0.0066709680173555
1920,-0.0065333397530051
1921,-0.0063983703973431
1922,-0.0062669738799865
1923,-0.0061398833277679
1924,-0.0060176309116401
1925,-0.0059005404657658
1926,-0.0057887305381919
1927,-0.0056821244732112
1928,-0.0055804662533277
1929,-0.0054833394331768
1930,-0.0053901892927213
1931,-0.0053003499823841
1932,-0.0052130758578925
1933,-0.0051275755959035
1934,-0.0050430478305175
1935,-0.0049587165881993
1936,-0.0048738641447762
1937,-0.0047878598766568
1938,-0.0047001861390524
1939,-0.004610461199389
1940,-0.004518459190133
1941,-0.0044241281237098
1942,-0.004327601708646
1943,-0.0042292011357012
1944,-0.004129429821044
1945,-0.0040289612565761
1946,-0.0039286207067748
1947,-0.0038293641233223
1948,-0.0037322464809547
1949,-0.0036383742551381
1950,-0.0035488500855277
1951,-0.0034647143482369
1952,-0.0033868936982988
1953,-0.00331616905151
1954,-0.0032531527841286
1955,-0.0031982653920268
1956,-0.003151714688781
1957,-0.0031134734543882
1958,-0.0030832645028861
1959,-0.003060567527259
1960,-0.0030446332058892
1961,-0.003034496169093
1962,-0.0030289946752045
1963,-0.0030267955103771
1964,-0.0030264444186813
1965,-0.0030264627481511
1966,-0.0030254655640411
1967,-0.003022279640874
1968,-0.0030160478171965
1969,-0.0030062952400739
1970,-0.0029929742056836
1971,-0.0029765113468574
1972,-0.0029578375650761
1973,-0.0029383949920577
1974,-0.0029201174412605
1975,-0.0029053664851442
1976,-0.0028968575900291
1977,-0.002897607121505
1978,-0.0029108742610421
1979,-0.0029400850405339
1980,-0.0029887119651597
1981,-0.0030600732324124
1982,-0.0031570970145816
1983,-0.0032821008992115
1984,-0.0034365925203296
1985,-0.0036211183062611
1986,-0.0038351488229445
1987,-0.0040769688208048
1988,-0.0043436195630885
1989,-0.0046309248631242
1990,-0.0049335854027255
1991,-0.0052453464778997
1992,-0.0055591850537371
1993,-0.0058674554119337
1994,-0.0061620394891735
1995,-0.0064345389121195
1996,-0.0066765262194297
1997,-0.0068798943248983
1998,-0.0070372446360612
1999,-0.0071422354006618
